9070
532346
956818
3283561
4490611
5345441
6044707
6432501
6613443
6848090
11320033
13094392
14077838
14796441
15224449
15515560
15675065
16009874
16625986
16776186
16885778
17097632
17236371
17318052
17478284
17568855
17593997
17628518
17660850
17705193
17727632
17741979
17746479
17753725
17768630
17908767
17919965
17922083
17929209
17936294
17935031
17990118
18013379
18023975
18037221
18068263
18172488
18231418
18262702
18274481
17276241
18288609
18292345
18292396
18291409
18296106
18293629
18299746
18324355
18327146
18332721
18332970
18334657
18334812
18342868
18344525
18350676
18349742
18349485
18352505
18355956
18358176
18367393
18389673
18388589
18384355
18382030
18383631
18386189
18387207
18385835
18383338
18376202
18385698
18388317
18392935
18392902
18392344
18392056
18393046
18462936
18472166